numStates 10
numActions 5
end -1
transition 0 0 1 0.0658028292851427 0.9049536678514811
transition 0 0 0 -0.8396925816429961 0.09504633214851885
transition 0 1 2 -0.2598756756436582 0.6744040700261852
transition 0 1 8 -0.18061395044154271 0.3255959299738149
transition 0 2 2 -0.7047910128012196 0.010617926859655033
transition 0 2 3 0.702996932955946 0.27045973187235733
transition 0 2 9 -0.67491963218688 0.3941447337963391
transition 0 2 7 -0.6659708195749714 0.3247776074716486
transition 0 3 7 0.05635846677143941 0.1639565908871146
transition 0 3 5 -0.3134634413945607 0.25819382371139094
transition 0 3 3 0.7083433113001343 0.2759323203400931
transition 0 3 9 -0.2740022838347369 0.3019172650614015
transition 0 4 1 0.3519513694249419 0.479329986416387
transition 0 4 5 0.7226821232849108 0.08213243977818095
transition 0 4 0 -0.6705908320160832 0.0344270607365721
transition 0 4 2 0.5077540617458616 0.4041105130688599
transition 1 0 0 -0.9749454455142708 0.2685214378510055
transition 1 0 7 -0.7719401497316802 0.7314785621489944
transition 1 1 7 0.8694949082298253 0.2620876000608218
transition 1 1 4 -0.9222541048998485 0.3455275265842261
transition 1 1 2 -0.10953230915774337 0.3241784901363929
transition 1 1 1 -0.90124710204074 0.054652854006495784
transition 1 1 9 -0.052247704969701436 0.013553529212063488
transition 1 2 7 -0.05174898429951136 0.7004990436463888
transition 1 2 8 -0.312669535048828 0.29950095635361124
transition 1 3 9 0.9615324286982587 0.4464105510188564
transition 1 3 5 -0.19842910991949836 0.17468034709084906
transition 1 3 7 -0.479053663585826 0.12139404263945985
transition 1 3 0 0.4213458164772552 0.12133442739659249
transition 1 3 3 -0.6190417375020647 0.13618063185424215
transition 1 4 2 0.7066626710718356 1.0
transition 2 0 3 0.6919979870430979 0.5003476980017355
transition 2 0 6 0.10772778307870401 0.48985271051097085
transition 2 0 2 -0.6821164803070734 0.009799591487293587
transition 2 1 4 0.20214754108259547 0.05730778387651142
transition 2 1 7 0.15300206168888741 0.35831867768651404
transition 2 1 0 0.8483909706889692 0.5843735384369745
transition 2 2 4 -0.9057125986587073 0.4097438370348103
transition 2 2 3 0.6072727063058885 0.029420907978339864
transition 2 2 6 -0.1399961604436213 0.3845281254004338
transition 2 2 0 -0.29710260241115405 0.17630712958641595
transition 2 3 8 -0.7190641915158451 0.2503760398712117
transition 2 3 3 0.5179528229633248 0.12895084351164934
transition 2 3 4 0.16840489427280625 0.3019328481275719
transition 2 3 6 -0.6595953265029959 0.0353919208494328
transition 2 3 9 0.8996967875678339 0.28334834764013433
transition 2 4 3 -0.550341017445779 0.2243474843519237
transition 2 4 8 -0.7740129001735452 0.4232319008521105
transition 2 4 0 -0.8221453260630069 0.3524206147959657
transition 3 0 1 0.37703728949721715 0.18914476105180644
transition 3 0 6 -0.9208348552471208 0.801958097115882
transition 3 0 5 0.15668253164765988 0.008897141832311602
transition 3 1 4 0.8678706678841321 0.20455006493732936
transition 3 1 3 -0.6160071890725336 0.7954499350626707
transition 3 2 5 -0.6950594832519872 0.16851197949000069
transition 3 2 4 -0.7784724616459249 0.15328802860494176
transition 3 2 8 0.8614968770232894 0.19459244687772534
transition 3 2 1 0.8100211026658517 0.21312207150870494
transition 3 2 9 -0.5908366008286914 0.27048547351862723
transition 3 3 7 -0.1282294812742808 0.19663919288608045
transition 3 3 2 -0.5900369693941026 0.4468224095906017
transition 3 3 9 -0.49318532321577147 0.19251046098037292
transition 3 3 4 0.9056749536681994 0.16402793654294495
transition 3 4 4 -0.7606063608898348 0.19200383002520405
transition 3 4 1 0.5750113817518752 0.5938303049046335
transition 3 4 7 -0.05523612543554912 0.21416586507016247
transition 4 0 6 -0.9169607172930563 1.0
transition 4 1 3 -0.3201968894410967 0.09019288061135494
transition 4 1 0 0.5476227760273171 0.19533907033363884
transition 4 1 5 0.2354612262341138 0.07116674490822232
transition 4 1 8 -0.5062139963430421 0.07460830382457277
transition 4 1 1 -0.0018049069541343776 0.5686930003222112
transition 4 2 4 0.3789168051338121 0.24053619211961244
transition 4 2 6 0.7817219750929121 0.40698336563410525
transition 4 2 1 0.39189912487087786 0.3524804422462823
transition 4 3 1 0.6479810892889859 0.42239415078879733
transition 4 3 7 -0.4490657057177194 0.24200882557745418
transition 4 3 9 -0.15302482298949083 0.3355970236337486
transition 4 4 6 0.05932118125718899 0.13433105602496317
transition 4 4 8 -0.3223152963499276 0.3290897266870185
transition 4 4 2 0.4211088293153309 0.06028673540636551
transition 4 4 3 0.9763101995890444 0.19112187868279965
transition 4 4 5 0.01262775122615567 0.28517060319885335
transition 5 0 4 0.6231225609452726 0.09070631185254718
transition 5 0 8 0.5898241914495574 0.10167616637691727
transition 5 0 9 -0.021595617590301153 0.5940971854882797
transition 5 0 6 0.42890412403139955 0.20696061219649162
transition 5 0 3 0.693299276750917 0.006559724085764321
transition 5 1 0 -0.4064099710521274 0.2773529849171017
transition 5 1 7 0.7096585093221501 0.16894707893866018
transition 5 1 4 -0.2309892119597734 0.1989026906075856
transition 5 1 5 0.15061606036310615 0.3547972455366526
transition 5 2 2 -0.9593954367431694 0.7149468183677511
transition 5 2 6 -0.8511744108289359 0.28505318163224885
transition 5 3 4 -0.15566476833491838 0.19953449569639628
transition 5 3 0 0.9700522545465395 0.23790661826332096
transition 5 3 1 -0.22595161198957614 0.2224805644459589
transition 5 3 3 -0.41830568045668337 0.21094495268121938
transition 5 3 6 0.08590281060255434 0.1291333689131046
transition 5 4 6 0.7650116713310331 0.036215685795995406
transition 5 4 1 0.32360147180130494 0.3164747097286465
transition 5 4 4 -0.4599279008856574 0.2701799171765062
transition 5 4 3 -0.9207001074230117 0.3771296872988519
transition 6 0 6 0.14851975880921398 0.32224287847338373
transition 6 0 8 0.036185437767678685 0.46673722149244956
transition 6 0 3 0.8623482706556991 0.13268038938495463
transition 6 0 2 -0.42630126602442475 0.07833951064921207
transition 6 1 0 -0.06371709493305056 0.3909737985169311
transition 6 1 4 -0.19406659375634638 0.13087415294666427
transition 6 1 9 0.3188749875479735 0.4781520485364046
transition 6 2 0 -0.9387384535245245 0.23939642839228822
transition 6 2 1 -0.23719195093506462 0.47078701976055737
transition 6 2 3 -0.22861299573395844 0.28981655184715455
transition 6 3 0 -0.7620871725678673 1.0
transition 6 4 3 -0.0908203019418663 0.4353852582547802
transition 6 4 4 0.27740658212164004 0.5646147417452199
transition 7 0 1 -0.8608756657725412 0.9355155337506588
transition 7 0 3 0.48507545074706226 0.020341471848737653
transition 7 0 5 0.14212508624644316 0.04414299440060356
transition 7 1 5 0.22315125673691627 0.256499608839395
transition 7 1 4 -0.9554348519974558 0.02057493892098695
transition 7 1 7 0.5013503116010187 0.21695511456203878
transition 7 1 6 -0.6367784331497024 0.323706000818839
transition 7 1 3 -0.8996790989458876 0.1822643368587404
transition 7 2 9 0.42107208420011655 0.11683771066245528
transition 7 2 1 -0.21904459537715226 0.2882404480270896
transition 7 2 2 0.1067495405224359 0.3434416535304096
transition 7 2 8 0.5053508664045265 0.07768811482141184
transition 7 2 3 -0.9794578239053948 0.1737920729586336
transition 7 3 7 0.5705461203731217 0.19239444870637093
transition 7 3 5 -0.7993306841133097 0.2801745964521071
transition 7 3 2 0.17863341733798865 0.057204425799087216
transition 7 3 6 0.8128269103768757 0.2632182597937643
transition 7 3 8 -0.42352875145201274 0.2070082692486704
transition 7 4 8 0.47878773960598964 0.2774446405856396
transition 7 4 1 0.11674784379428771 0.2343831347676333
transition 7 4 4 -0.8749004036091006 0.4296834168522272
transition 7 4 6 0.7296816549564371 0.05848880779449984
transition 8 0 2 0.3465248818463469 1.0
transition 8 1 9 -0.2784123089518933 1.0
transition 8 2 2 -0.07501500183177834 0.39195534548026373
transition 8 2 9 0.3933194641006792 0.6080446545197363
transition 8 3 9 -0.8560650693585121 0.655237587396361
transition 8 3 5 0.7475775110791927 0.03677600738120692
transition 8 3 6 -0.9396962474323922 0.3079864052224322
transition 8 4 1 -0.9262610328998546 0.2914130077431591
transition 8 4 3 0.32638724408591346 0.14228182212923127
transition 8 4 9 -0.03667332366995191 0.33890054059265534
transition 8 4 5 0.8133912982831386 0.22740462953495433
transition 9 0 9 0.6258844710665381 0.3934121301861654
transition 9 0 4 0.9254161837265287 0.09888058821668731
transition 9 0 6 0.7023098889519857 0.22574439017556416
transition 9 0 0 0.23961555829654246 0.2819628914215832
transition 9 1 3 -0.4632845611807743 0.2408854358937433
transition 9 1 8 -0.3701708345706869 0.3172151473969087
transition 9 1 4 -0.9593774202486192 0.17057974032260295
transition 9 1 7 -0.41136671078913745 0.2248952958466755
transition 9 1 2 -0.41658740018141405 0.04642438054006943
transition 9 2 1 0.08518551553689813 1.0
transition 9 3 0 -0.7458757213997782 1.0
transition 9 4 5 0.607936653326776 0.3865687641514751
transition 9 4 6 -0.5201683677908076 0.14228592713820706
transition 9 4 4 -0.34164327140318407 0.1321088221116956
transition 9 4 8 0.20350774983795272 0.14006781600883383
transition 9 4 9 -0.6200261289148685 0.19896867058978832
mdptype continuing
discount  0.8
