numStates 10
numActions 5
end 7
transition 0 0 8 -0.3292984481199799 0.05552375500858615
transition 0 0 7 -0.38118814171993165 0.2618775042930738
transition 0 0 5 0.5360362974901609 0.10188895248998282
transition 0 0 0 -0.5922609424462859 0.10847166571265025
transition 0 0 4 -0.6430784740920175 0.4722381224957069
transition 0 1 1 -0.6387051641099888 0.15549348230912477
transition 0 1 6 0.20552431636327761 0.18435754189944134
transition 0 1 0 -0.7047910128012196 0.1601489757914339
transition 0 1 4 0.702996932955946 0.5
transition 0 2 4 0.2182004637582724 1.0
transition 0 3 0 0.996890492492376 0.12265711135611908
transition 0 3 1 -0.1965275442376493 0.07138919514884234
transition 0 3 3 -0.876113566550337 0.06780595369349504
transition 0 3 7 -0.797354848825083 0.2392502756339581
transition 0 3 4 -0.4002008192016673 0.49889746416758546
transition 0 4 3 -0.6705908320160832 0.023604176123467997
transition 0 4 7 0.5077540617458616 0.36359509759418973
transition 0 4 6 0.4123641207215194 0.27689514298683615
transition 0 4 4 -0.7579936278193633 0.3359055832955061
transition 1 0 1 -0.9749454455142708 0.5347912524850894
transition 1 0 8 -0.7719401497316802 0.12127236580516898
transition 1 0 0 -0.6143433031132002 0.34393638170974156
transition 1 1 0 0.4016686744277751 1.0
transition 1 2 4 -0.9218976178768392 0.7380952380952381
transition 1 2 0 -0.5765486413026621 0.2619047619047619
transition 1 3 8 0.39092994413104565 0.49050279329608937
transition 1 3 3 0.04723675838414665 0.1441340782122905
transition 1 3 0 0.21292293935622153 0.3653631284916201
transition 1 4 6 -0.6190417375020647 0.6472491909385113
transition 1 4 0 0.9961276955507652 0.35275080906148865
transition 2 0 9 -0.9805191359864898 1.0
transition 2 1 9 -0.35192028174075096 1.0
transition 2 2 1 -0.6821164803070734 0.19500594530321047
transition 2 2 5 0.39398632948428025 0.3091557669441142
transition 2 2 3 0.3647469242693415 0.2413793103448276
transition 2 2 9 -0.9726979925712171 0.2544589774078478
transition 2 3 3 0.26591169455863617 0.07933194154488518
transition 2 3 4 -0.7278747195384672 0.464857341684064
transition 2 3 0 0.1692022808760545 0.2150313152400835
transition 2 3 9 0.1687768772909355 0.2407794015309673
transition 2 4 9 -0.9066754891305759 1.0
transition 3 0 6 -0.4125661905807916 0.08210984230560087
transition 3 0 9 0.34580804549857214 0.07830342577487764
transition 3 0 2 0.11005779455095932 0.5372485046220772
transition 3 0 5 0.6736301625691041 0.30233822729744425
transition 3 1 2 0.3468455212617658 0.6685082872928176
transition 3 1 5 0.7736230013374181 0.3314917127071823
transition 3 2 4 -0.7499959547905783 0.574468085106383
transition 3 2 5 0.26189291306645757 0.425531914893617
transition 3 3 7 0.37703728949721715 0.27566320645905423
transition 3 3 6 -0.9208348552471208 0.5478662053056517
transition 3 3 5 0.15668253164765988 0.17647058823529413
transition 3 4 5 0.7632887492644969 1.0
transition 4 0 4 -0.8362014280619647 0.2782077393075356
transition 4 0 9 -0.36980763668058403 0.04643584521384929
transition 4 0 7 -0.5925759626261531 0.18533604887983707
transition 4 0 6 -0.4645766146112942 0.490020366598778
transition 4 1 6 0.9500908903849126 1.0
transition 4 2 6 -0.639252510592617 1.0
transition 4 3 9 0.4545201400835124 0.04144282425172678
transition 4 3 0 -0.5183179995927436 0.5203376822716808
transition 4 3 6 0.03876017296371148 0.4382194934765925
transition 4 4 6 -0.19246207253864922 1.0
transition 5 0 2 -0.9169607172930563 1.0
transition 5 1 1 0.47587132727536585 0.4180977542932629
transition 5 1 6 -0.3201968894410967 0.2767503302509908
transition 5 1 2 0.5476227760273171 0.3051519154557464
transition 5 2 3 0.6693395299095743 0.32225762403277197
transition 5 2 5 -0.5616730162072172 0.021392808375056895
transition 5 2 8 0.8955223700285679 0.2776513427401001
transition 5 2 2 -0.33003807952033704 0.378698224852071
transition 5 3 1 -0.2511585755809824 0.3475352112676056
transition 5 3 5 0.9579924230787276 0.09718309859154929
transition 5 3 4 -0.19317094334419926 0.3401408450704225
transition 5 3 2 -0.9208389519964888 0.21514084507042253
transition 5 4 9 -0.008372639351505784 0.14689397477814106
transition 5 4 0 0.2593947635548932 0.15646893974778142
transition 5 4 8 -0.37754068996976353 0.21275105091078936
transition 5 4 3 -0.8274004296844657 0.15109761793554413
transition 5 4 2 0.5287857724819207 0.33278841662774405
transition 6 0 6 -0.20903969806837264 0.21287779237844942
transition 6 0 0 0.9377269656436638 0.1847568988173456
transition 6 0 2 -0.6450231551024981 0.20131406044678055
transition 6 0 3 0.12535271695172767 0.1624178712220762
transition 6 0 8 0.6791249401499013 0.2386333771353482
transition 6 1 4 0.6231225609452726 0.2677578752316245
transition 6 1 1 0.5898241914495574 0.27671402100061765
transition 6 1 6 -0.021595617590301153 0.03983940704138357
transition 6 1 8 0.42890412403139955 0.4156886967263743
transition 6 2 1 -0.7139887072312956 0.6610312764158918
transition 6 2 8 0.6710235462116516 0.3389687235841082
transition 6 3 0 0.15061606036310615 0.47159763313609465
transition 6 3 5 0.5565981369782655 0.08520710059171598
transition 6 3 1 -0.051812229810897614 0.01952662721893491
transition 6 3 8 0.11630872742282627 0.4236686390532544
transition 6 4 8 -0.5531983424709535 1.0
transition 8 0 0 0.33271858033375 0.13416009019165728
transition 8 0 7 -0.3046756483582387 0.47576099210823
transition 8 0 2 -0.1845316696405539 0.2237880496054115
transition 8 0 3 -0.8521487202917395 0.16629086809470123
transition 8 1 8 -0.7239281984943604 0.4142857142857143
transition 8 1 7 0.40609220407001434 0.2503401360544218
transition 8 1 3 0.2465666943906515 0.33537414965986395
transition 8 2 3 -0.4599279008856574 1.0
transition 8 3 3 0.6257308819173262 1.0
transition 8 4 0 0.8679584311414299 0.12972753151687677
transition 8 4 1 -0.4689914568924878 0.3969093127287515
transition 8 4 3 -0.6864725102901252 0.4733631557543717
transition 9 0 0 -0.7166743367468313 0.08269096005606166
transition 9 0 5 -0.2946757873976604 0.25683251576734406
transition 9 0 4 -0.655282680307308 0.10196215837421163
transition 9 0 8 0.26610026125491415 0.102312543798178
transition 9 0 7 0.24027728866810016 0.4562018220042046
transition 9 1 6 0.12131441274233068 0.1952358710882765
transition 9 1 1 -0.036076250110792074 0.3456328818309201
transition 9 1 7 -0.4334486646104021 0.4591312470808034
transition 9 2 7 -0.14843107582693693 1.0
transition 9 3 1 -0.6568692764391018 0.3223579394583112
transition 9 3 8 0.11758371758884434 0.16622411046202867
transition 9 3 4 0.5190940134329405 0.03929899097185342
transition 9 3 3 -0.03393200852588052 0.21561338289962825
transition 9 3 7 0.4170887267396344 0.25650557620817843
transition 9 4 1 -0.8608756657725412 0.5767477203647416
transition 9 4 6 0.48507545074706226 0.24696048632218845
transition 9 4 7 0.14212508624644316 0.1762917933130699
mdptype episodic
discount  1.0
