1.081074 13
0.918247 4
1.159792 11
0.971238 16
1.112081 3
1.049767 6
0.645415 19
0.892980 15
0.961549 8
0.728647 1
0.561119 19
1.068369 2
1.045772 5
0.945938 1
1.096111 11
0.796274 19
0.899435 16
0.943474 4
0.716084 13
1.052419 13
0.935771 1
0.981863 2
0.854243 16
0.958031 7
0.806688 3
0.833939 5
0.970207 1
0.834349 11
1.190209 8
1.122727 6
1.015702 14
1.084863 1
0.892378 3
1.002583 17
1.033096 5
0.971134 2
1.174674 7
1.050667 13
1.000010 11
0.780874 15
1.092810 1
0.918403 7
1.043438 2
1.117486 8
0.864727 13
0.765784 11
0.648293 10
0.877348 1
0.803828 18
0.964950 12
