8.042633 7
8.018735 2
8.270316 1
7.743807 1
7.877535 15
7.416294 3
7.898013 0
7.533855 0
8.144624 7
7.784432 8
8.442277 4
5.629144 12
7.660682 11
7.817165 7
7.737456 12
8.102011 8
7.601378 0
7.954717 0
7.851470 11
7.599333 14
7.566669 1
7.639833 19
7.219794 17
8.154478 11
7.766519 15
7.223258 4
7.760309 9
7.508113 14
8.087575 12
0.000000 0
0.000000 0
8.175507 12
8.221660 15
7.746747 7
8.324490 12
7.851911 7
7.767665 11
7.684145 1
7.958157 7
7.727602 0
8.245335 9
7.581710 0
7.603957 15
7.776001 6
8.393781 17
8.151791 12
7.156322 0
7.713862 0
8.272179 5
7.283246 0
